baseScenario:
  averageContactsPerDay: 1.1456498612979047
  infectiousPeriod: 2.5614029905916578
  initialPrevalence: 0.005
  population: 1000
  randomSeed: 3087940365
  totalDays: 100
