baseScenario:
  averageContactsPerDay: 2.0278258171314256
  infectiousPeriod: 3.6645438148300196
  initialPrevalence: 0.005
  population: 1000
  randomSeed: 3387753032
  totalDays: 100
